0.0
0.0014141642
0.0026091544
0.004106766
0.005881661
0.007925012
0.010221154
0.012764388
0.015541751
0.018556664
0.021802178
0.025263874
0.028940096
0.032809526
0.036897756
0.041209746
0.04570882
0.050408065
0.055334996
0.06039486
0.0656901
0.07112134
0.076824546
0.08269894
0.08871559
0.09484184
0.101274475
0.10777051
0.11455129
0.12147866
0.12852867
0.13583134
0.14321879
0.15083425
0.15848932
0.16653287
0.1745822
0.18281002
0.19120531
0.19975607
0.2086892
0.21752037
0.22646442
0.23577623
0.24518844
0.25468302
0.26424086
0.2741574
0.2841188
0.29444215
0.30478948
0.31513745
0.3258367
0.33651155
0.3471363
0.35850894
0.36940262
0.38106582
0.39219314
0.40411037
0.4159106
0.4275629
0.44004795
0.45185593
0.46451524
0.4769798
0.4897788
0.5023426
0.5152286
0.52844524
0.54137725
0.5546257
0.5681984
0.5821032
0.5956621
0.6095369
0.62373483
0.6375291
0.65237904
0.66680676
0.68155354
0.695825
0.71039516
0.7261059
0.74045724
0.7559621
0.7717915
0.7870458
0.8026016
0.81846476
0.8346415
0.8501587
0.8669619
0.8830799
0.89949757
0.9162205
0.93218046
0.949511
0.96605086
0.98287886
1.0